@Right hand swipe left
-0,59006463513592
-1,76700111798706
-0,627976107489811
-1,51448847596025
-0,57308207212776
-0,760929366356542
1,07532086498141
-0,417642992488304
1,30752380911121
0,0589558865102062
1,34156720811656
0,205650533201185
~
-0,598814231991824
-1,7639645827255
-0,631313405869366
-1,52873646141766
-0,56703411684438
-0,752531177663765
1,07877160093518
-0,412166916094226
1,30385821310911
0,0690286464707096
1,33364652701021
0,20651620943354
~
-0,601770310303761
-1,75675956533903
-0,629615336228686
-1,52240722602367
-0,564256105419505
-0,768514870280127
1,06506376929444
-0,415456482394259
1,28958666689293
0,0415196842050557
1,31809969520949
0,168105692679174
~
-0,617918759458898
-1,7783464836917
-0,642211954899308
-1,5433868045448
-0,569820948810397
-0,77175950917368
1,0696625572106
-0,419003149439421
1,3019652289382
0,0462314681710195
1,33380107749619
0,175131803549986
~
-0,631858533468418
-1,77042739228401
-0,648679356234473
-1,54318948281894
-0,56652111567887
-0,768531050264498
1,06742139105144
-0,419104036985497
1,28959749848744
-0,00400720506042244
1,33631149415816
0,174004816405031
~
-0,636522000054319
-1,77493345744332
-0,652217656174833
-1,54485735203885
-0,569882167110018
-0,764321344445374
1,06739436023043
-0,420315632280477
1,30747487276724
0,0332857102050266
1,33955423748904
0,174809064157175
~
-0,639542437363907
-1,7860136726543
-0,653493323457352
-1,55032361983229
-0,571091257974241
-0,765324353325264
1,0666417892218
-0,422461225830287
1,31339831601251
0,0389170031186277
1,34578677524529
0,178362589459354
~
-0,637467026087064
-1,77341591543047
-0,65396089152821
-1,54751191854813
-0,571132625594588
-0,765698367627338
1,05275902239639
-0,435391603068901
1,30841583836665
0,0330962805399666
1,34654701535323
0,170471823318028
~
-0,624206881688083
-1,76906967170045
-0,649768710114797
-1,54832127008937
-0,570262093866833
-0,765226084728514
0,92030188062963
-0,531843047528804
1,27370055348819
-0,0220364900479696
1,33802300267535
0,158743324406383
~
-0,617191420439677
-1,76450622462484
-0,643063897777757
-1,53543410288865
-0,570745669033987
-0,771024301385066
0,977958085496586
-0,470691192541564
1,24404767307876
-0,0269054629780654
1,30226305557565
0,130954093556496
~
-0,609871406569836
-1,74862379734025
-0,636518992747153
-1,53850135848782
-0,560787139112516
-0,776028663717048
0,943118492185939
-0,483501053030451
1,17073724589221
-0,0318610484748073
1,19985127252906
0,110002279797561
~
-0,603231646130128
-1,79035006567872
-0,627782463483725
-1,53989500337296
-0,553680047335017
-0,782321132680748
0,879746564098101
-0,503237154403981
1,04827821488301
-0,0405474856730724
1,05622264119517
0,0973604391731621
~
-0,601334176124448
-1,80118912408822
-0,630593566602725
-1,55030301733827
-0,548677819692391
-0,794028700646614
0,800159810237187
-0,522022495573648
0,835476353825948
-0,0601489226471909
0,863838640461629
0,0574136128833093
~
-0,614359522793353
-1,82774941005069
-0,635163447866532
-1,58815630571556
-0,548241276263977
-0,807780540211541
0,661989935682042
-0,49907066269433
0,609941439160553
-0,0203444875844854
0,574655355433498
0,166786999946517
~
-0,634086039531167
-1,81842156847941
-0,653146468880056
-1,56360228516634
-0,558723205434444
-0,76287721291421
0,53970078880838
-0,506183149398224
0,267449684498958
-0,0845599212992595
0,24832848337211
0,0196646008936374
~
-0,634877541716566
-1,83742276387693
-0,641924931305667
-1,58046691182722
-0,554182695216124
-0,803898687451796
0,393575855432333
-0,52034825434978
-0,0497350925407961
-0,128996438577506
-0,146790727840288
0,0335829062074855
~
-0,646143766428602
-1,90098970879124
-0,647355083125653
-1,62724866256127
-0,5540914591642
-0,865047794252
0,340693753551174
-0,498480424275033
-0,264067590867412
-0,116106879671038
-0,353872429672435
0,00854630549009017
~
-0,655885672844167
-1,9772467161077
-0,661209996810636
-1,68186991708857
-0,563348962265861
-0,908563141599729
0,334074651179948
-0,497503876510717
-0,464813082683413
-0,098496432935594
-0,599413853207997
0,0726503751639231
~
-0,677023838597903
-2,14413343859659
-0,691710364997222
-1,82757646983674
-0,584148362405074
-0,955360081528362
0,301374121293654
-0,53785004976125
-0,594682152827072
-0,182384939538377
-0,755716819247575
0,0120850541304437
~
-0,674383590061503
-2,15392631842913
-0,66936936986602
-1,83382118015906
-0,569996884714794
-0,945815411445664
0,0216018814968897
-0,538526193495589
-0,653494388226733
-0,259126712509997
-0,993449115919642
0,0302913067596453
~
-0,672562205914484
-2,18052311234385
-0,66939821253006
-1,85820320733752
-0,567959632862879
-0,946296867494218
-0,028438733949249
-0,533887232534305
-0,730599781863674
-0,301503788052117
-1,00617799655635
-0,153922662204517
~
-0,658686068004
-2,17637804644142
-0,656971662414372
-1,85471321280882
-0,557204823106552
-0,9284367441498
0,0244068433383399
-0,518353132239411
-0,693475300722338
-0,385980137497602
-0,913151191353668
-0,306048375094983
~
-0,650939817245961
-2,17815264653172
-0,652045703692435
-1,85748553965124
-0,556388040013824
-0,92045737778671
0,164050484132537
-0,527297219806811
-0,582799306717461
-0,433914259882054
-0,799247152231471
-0,349267751055818
~
-0,640799577504655
-2,18763023994735
-0,643297680010085
-1,86776783054556
-0,552399228255311
-0,916309758839094
0,186304569465171
-0,513487034662284
-0,575245952139918
-0,462229508820762
-0,79402673884035
-0,371691455845279
~
-0,636765666375357
-2,19231700087653
-0,64235324997988
-1,87401330733601
-0,550093000191671
-0,910240011927931
0,195713712009975
-0,521744061107199
-0,576976392769193
-0,47727454494378
-0,787399080932043
-0,41646303448838
~
-0,633065880276223
-2,18915501645302
-0,641275223776155
-1,87532375519057
-0,549899012757866
-0,909020965122475
0,206424094870632
-0,53583444841018
-0,562051173684363
-0,517540665173346
-0,775035732153835
-0,450870299494208
~
-0,63377997629332
-2,17906711646884
-0,643832898622413
-1,86520693193313
-0,549416849682025
-0,910613692861181
0,233633308911083
-0,55979860301066
-0,567782838331934
-0,540960509219985
-0,783328358575891
-0,479459654507412
~
-0,633100362727173
-2,16740412741032
-0,640057861862754
-1,85378838562532
-0,545518230063372
-0,910837727795147
0,323932558031726
-0,606015197266188
-0,487670014727029
-0,622801419626992
-0,762308407673877
-0,566829077156056
~
-0,634596846718757
-2,15962902343696
-0,637008293971524
-1,8482570365371
-0,54359683195427
-0,912619644691747
0,348705999647451
-0,629955901946176
-0,485175565020198
-0,682466597558054
-0,694230030514062
-0,696097505305798
~
-0,634353750634901
-2,14823110212943
-0,638977253647585
-1,83961366672207
-0,549651455443512
-0,90868422660845
0,371349940119039
-0,652780251040482
-0,471451118564837
-0,725155609182452
-0,687493493347865
-0,750144579521192
~
-0,632411475691109
-2,11742892808343
-0,63848732652468
-1,81389511972951
-0,550157501331616
-0,896494429096172
0,405435620504084
-0,66583921232292
-0,45749214332828
-0,797672137919444
-0,678429815647795
-0,81985580216431
~
-0,630019560753546
-2,07469012116454
-0,635780758404596
-1,77669191529056
-0,549076843310956
-0,878368768988329
0,472544949222239
-0,676221102653036
-0,433722842145013
-0,847106491533043
-0,65612731580229
-0,855494713575832
~
-0,626159315163615
-2,01849916622569
-0,631324524277863
-1,72749626592736
-0,543086391597194
-0,855776057793535
0,558171272561215
-0,667053030241052
-0,0797437214043431
-0,910783269528692
-0,370040369779736
-0,957733291638131
~
----
@Left hand swipe right
-1,55831443044356
0,0593776535425004
-1,456376914798
-0,12921977135825
-0,966310262460756
-0,607757147117806
0,835459467322589
-0,862812465627472
0,876643137728507
-1,73399595135265
0,876722291656137
-2,006346513806
~
-1,56274491248149
0,0537616911912903
-1,46080576239656
-0,13027869374388
-0,965153459465424
-0,608569279241796
0,836854033331139
-0,866228511366464
0,879904590514397
-1,73621405825755
0,877043098266463
-1,95399564076753
~
-1,56854040878554
0,0519784805224049
-1,46579307942913
-0,131677578131855
-0,967105080420654
-0,609175266052868
0,839133275176285
-0,865971460011924
0,882330313146917
-1,73726544451689
0,884448543944441
-1,95526464030512
~
-1,5709505427404
0,0501745442843241
-1,4682373429843
-0,133308530799958
-0,968481944600199
-0,609738422187527
0,840476052663324
-0,867070420604969
0,88530946084087
-1,73942789434345
0,886013522820076
-1,95720131988154
~
-1,57399870750936
0,047864816756323
-1,47031578855206
-0,134198043234574
-0,96873345547693
-0,610465345816331
0,840634491894103
-0,865763282221156
0,887388775907632
-1,7391121727584
0,890509242125141
-2,00966240560117
~
-1,57907021494124
0,0458159956963618
-1,47568785595775
-0,135979538306702
-0,971308350541735
-0,6100231506521
0,841648752024791
-0,868618555973814
0,888801311693322
-1,74349829410179
0,891254369163304
-2,01034087981864
~
-1,59616246125056
0,0408320771685881
-1,49062525292788
-0,139961898041405
-0,975316324785885
-0,611254089670152
0,843979470367417
-0,86883646202653
0,892934492410926
-1,74693012339956
0,8922942573904
-1,9649525137474
~
-1,64265854786164
0,00953428980319526
-1,52727921421449
-0,164538150862973
-0,974389816593309
-0,613698759259601
0,84461840901399
-0,868962075271886
0,89470025370672
-1,74894901366369
0,89541081056839
-1,96696821885939
~
-1,70930982011899
-0,0879884770966035
-1,5643997287046
-0,227846516631773
-0,967761540991936
-0,620906659496852
0,84476098873749
-0,86553461799706
0,900283583898546
-1,74490389354215
0,897807238338248
-1,96247790960504
~
-1,73968627036396
-0,16184013490422
-1,54925006301544
-0,311186316698582
-0,966134222232941
-0,633955763220598
0,846240118555242
-0,863088632855328
0,901680870713223
-1,73935105041627
0,903130968868133
-2,00476578735613
~
-1,72733218264911
-0,182510444593507
-1,53197732686122
-0,315698610742744
-0,969105906639841
-0,633191365165357
0,84502213255887
-0,848461385929922
0,897246247616547
-1,71600787196117
0,898525431715151
-1,93109867279218
~
-1,63160324019241
-0,0994353036143228
-1,4536485963724
-0,258286099593921
-0,816008371255605
-0,608202387594514
0,835333548747674
-0,826908748832574
0,899212706024533
-1,67874962913719
0,908823614464543
-1,94458304111469
~
-1,33644411311867
-0,00900308493525634
-1,26494308841357
-0,176415307542542
-0,826999226730423
-0,513496387643374
0,832514639448845
-0,818243828126236
0,899034173491457
-1,65481748089901
0,920409894772886
-1,90569752445207
~
-1,01595113952222
0,134319408951911
-1,0039003718559
0,0165236553944387
-0,886880513970092
-0,437132028780843
0,834931681737196
-0,792266346777653
0,919449526470396
-1,61482953077225
0,94667118289809
-1,86788888605248
~
-0,638228886412235
0,308958393349111
-0,727599326366075
0,122196928402158
-0,875099354601942
-0,395423650386148
0,919860615174438
-0,810447664627575
1,03054608811034
-1,71766218340554
1,06181883773158
-2,01634842093414
~
-0,194659955931265
0,175012592574333
-0,271395293793783
0,0231523712943346
-0,651621624508223
-0,350341625924742
0,774593145662252
-0,73305374793976
0,881428340480673
-1,48712970569484
0,899577433418382
-1,7245703938968
~
0,0235612346295361
0,0835770447050648
-0,154411475384123
-0,0883859803345562
-0,684029350881572
-0,348468288363406
0,709544182862879
-0,78408879802575
0,841215299533011
-1,535978203385
0,855736245170098
-1,78190694049668
~
0,273432618462301
-0,112513935788406
0,108400709021124
-0,243075515134448
-0,701930695033332
-0,434314515121659
0,799540212207094
-0,897407762514327
0,971730429044167
-1,74383754332307
0,987461712300549
-2,02851697883642
~
0,373619320183792
-0,23497446898773
0,17047643680759
-0,311724869143805
-0,696822219732575
-0,377209706290785
0,829072760518047
-0,924671208872805
0,975955685440001
-1,7597020274298
1,00761968287088
-2,04810835543536
~
0,448171969855447
-0,30427909960952
0,172765945568832
-0,381314958812483
-0,718458837938086
-0,374793334619409
0,809170191124533
-0,88898626299596
0,956047771834379
-1,76787455907872
0,995526110725227
-2,05872811193786
~
0,437404538523825
-0,354729683994825
0,154286621742448
-0,449870316002966
-0,74450837756247
-0,397175776367183
0,791134204254871
-0,889588825998461
0,926733021977386
-1,78291723113167
0,988736341685208
-2,14322313796574
~
0,322030101588186
-0,295215473906448
0,164575768975552
-0,434944921021723
-0,744342419356644
-0,410822371031544
0,788757901353281
-0,883768022361742
0,922644223071046
-1,77945575429206
0,977558097754025
-2,14534848763227
~
0,291354664060858
-0,43266395928883
0,00984695345795821
-0,517457057649505
-0,745998687378873
-0,437594244445973
0,783105653196656
-0,86200874839988
0,910896064640847
-1,74990545112001
0,969029914544877
-2,11741512477011
~
0,168580758629895
-0,467253455966921
-0,100317124886404
-0,530989527821098
-0,721428612494865
-0,462692166430374
0,752845728516037
-0,81725330845782
0,869663683215308
-1,6623091597205
0,921501203253344
-1,98957852200086
~
0,108334775306024
-0,510376141651784
-0,150427802985517
-0,546800654778147
-0,713957788665932
-0,48290092185614
0,738650849851395
-0,78457672252157
0,84209993797935
-1,5897299031567
0,880814816270288
-1,88439811880501
~
0,180879214202376
-0,562123702482738
-0,132182821224044
-0,635305326271915
-0,704415022635836
-0,541429180837007
0,740461183785225
-0,775497042296327
0,830446966754423
-1,56053846993082
0,861064450360339
-1,82268225862992
~
0,0302256501917707
-0,797215121036329
-0,256272125332486
-0,844215753152448
-0,69074245257712
-0,586158107446161
0,754680178968833
-0,774556383352378
0,819315823195747
-1,5536983056678
0,851699983967844
-1,78887576997565
~
-0,0912744769396122
-1,12376278872406
-0,215008511437999
-1,03098052821483
-0,670919138810042
-0,599426675384601
0,762875537543128
-0,786858896753855
0,813465429613457
-1,57097843432036
0,837365970988287
-1,81465211885292
~
-0,338493822208475
-1,4424463996644
-0,401741789072271
-1,31049627594123
-0,628794178018888
-0,629346789277469
0,77687556289591
-0,787764877979359
0,818115939990249
-1,58388208299141
0,833713925858267
-1,83568920422375
~
-0,564116624531216
-1,66941505982769
-0,57054888960848
-1,4776046072397
-0,574074541188895
-0,68210337292807
0,784355546859377
-0,783078991175811
0,816476937239281
-1,5849562722641
0,823584276764471
-1,8381332967891
~
-0,685592643136807
-1,77753099440186
-0,645242291890777
-1,53715236611681
-0,569947512247707
-0,721672160371202
0,792716214028523
-0,797617499218714
0,813807134977172
-1,61503762214966
0,819536077581436
-1,86298454703523
~
-0,816426295585751
-1,81003533516914
-0,738944403686721
-1,53998767673528
-0,588548070388394
-0,75220195124451
0,807596085756644
-0,808124449228409
0,824315519712694
-1,64493381250302
0,826307774641316
-1,89323532076568
~
-0,903557195565541
-1,86019802803998
-0,821935096825429
-1,58351495485312
-0,605684751892066
-0,763206200677605
0,821936248728147
-0,824353612573665
0,83667234821514
-1,68148749674349
0,836340792216156
-1,93252637166887
~
----
@Right hand pull down
-0,625907146157368
-1,62581534210522
-0,618428307951453
-1,4196512168594
-0,584301549967581
-0,778853106525159
1,02814369863465
-0,148204343192457
0,898462422175409
0,325198177086964
0,741446198100168
0,554273231092732
~
-0,628117930012375
-1,63004386569048
-0,620493388192411
-1,42338172501707
-0,586701025187267
-0,781183832517404
1,02845179961384
-0,148350090544297
0,897918155385747
0,326597064029248
0,740889251226038
0,557013309770829
~
-0,628535964288642
-1,63179620306873
-0,620827784995229
-1,42502526633345
-0,586420188054817
-0,782152775192108
1,02748346187224
-0,14748762242841
0,896198064989186
0,328798287548962
0,739289682781033
0,559823114414413
~
-0,628370389676363
-1,63152894491257
-0,620577526437724
-1,42474929812251
-0,586185788414379
-0,781874992340372
1,02574416452091
-0,147676289315543
0,891361188824361
0,330421837437565
0,735676354079377
0,562486231002717
~
-0,628202247234215
-1,63168641014398
-0,620379329757964
-1,42485549542139
-0,585827652713196
-0,781889600336591
1,02220395521002
-0,144343770974841
0,88393975607772
0,337463985619847
0,729356614825759
0,570332827974246
~
-0,628114031904991
-1,63205826366077
-0,62023354314034
-1,42507229114738
-0,584784303521253
-0,781768117217967
1,02215681178488
-0,148094514811071
0,879407825278409
0,33645782667561
0,724715723396695
0,569529193451375
~
-0,627627941053099
-1,63272367740356
-0,619683727245789
-1,42554060461083
-0,583555758342366
-0,781281513114976
1,01946948961587
-0,15118200827985
0,866619754921924
0,336300992977443
0,706517246178446
0,56705963962984
~
-0,626541958595613
-1,63456669028933
-0,61855015270115
-1,42706782157776
-0,582943019128027
-0,781978255200849
1,01316806173701
-0,156991270916303
0,850533933596162
0,336081926253825
0,694827575874871
0,570128893756328
~
-0,604118524509167
-1,62969820162714
-0,616693990994978
-1,42643886512698
-0,580652566705052
-0,781415097923318
1,00264012282309
-0,185554006719676
0,824106894361823
0,308712538030885
0,665670834820746
0,5395730095596
~
-0,597168214378929
-1,62340287642083
-0,614795087606464
-1,41981558569599
-0,581343791545861
-0,772584801196298
0,987776820550015
-0,238089911155615
0,773026567323395
0,248530395658675
0,617429106323786
0,479923261267853
~
-0,582277856196808
-1,43207943765687
-0,611972255706614
-1,41731637719188
-0,578246713803739
-0,771776340750965
0,933208666122788
-0,336413735994184
0,647615157945217
0,136884179803899
0,539634274902329
0,356849815547394
~
-0,577861877139176
-1,43919178814039
-0,615583036324741
-1,41628440638448
-0,579941896307826
-0,772925218217407
0,791437249109866
-0,562084423976708
0,585561599755164
-0,220683501215569
0,475419439647095
-0,0155730692148342
~
-0,567796472698494
-1,45133264025857
-0,615362237564091
-1,40922739955061
-0,581317465268114
-0,765495289803203
0,785074759478231
-0,599190460878517
0,508571288270291
-0,284961257115807
0,455719238469256
-0,154844960037415
~
-0,56521033374649
-1,48751640803959
-0,609295135183508
-1,42452850418433
-0,58223683902605
-0,767998828437959
0,729851196321883
-0,768669989272498
0,49544154359732
-1,43772005738062
0,441581623624983
-1,30512235872469
~
-0,567373449580968
-1,55284969151765
-0,6056200698247
-1,44395500317834
-0,572527212805423
-0,768261873783836
0,731957469080193
-0,902965166838365
0,603264230319296
-1,81188605246508
0,560366551647138
-2,11485968945501
~
-0,563980903367993
-1,76439629726211
-0,584503910137243
-1,47849084388587
-0,563777062255734
-0,784672466911284
0,759002148623389
-0,995439830032556
0,709638755311673
-1,79349803150124
0,693184290874434
-2,05951743630326
~
-0,584301140471302
-1,78278753259914
-0,605006275262825
-1,49434417545543
-0,560074214588588
-0,791120573835692
0,809842635600506
-0,992904506389717
0,812446218405865
-1,81491631245651
0,813314148953636
-2,08892022170737
~
-0,589229330485991
-1,77509468751837
-0,60978390589835
-1,48875026187973
-0,559694182099733
-0,792173932440017
0,861236787523194
-0,967868373744353
0,881117829032802
-1,83224660476345
0,887744842869338
-2,12037269472737
~
-0,588108949062522
-1,75429049481007
-0,608404636104273
-1,47155351004082
-0,559426988800852
-0,784044717822928
0,887160130636492
-0,941063142933566
0,928710067545545
-1,82051948377567
0,94256004651523
-2,11367161444901
~
-0,606988265989473
-1,73848285755165
-0,627099570912772
-1,45831328720303
-0,566114591163187
-0,777793018213088
0,882540082659514
-0,932294014010836
0,949396412849861
-1,83634554883294
0,971681923865169
-2,13769608157109
~
-0,628048850087801
-1,67344333867595
-0,625408763655217
-1,4565807644141
-0,572209297890302
-0,778538005313296
0,874743620766331
-0,927784515222968
0,940409056666299
-1,85475382290109
0,962297535299622
-2,16374360890717
~
-0,629958075711653
-1,66502500586379
-0,6233134413914
-1,44766942635869
-0,576345027710702
-0,773759680434389
0,854138584264281
-0,92724510917655
0,894275245043221
-1,83881724995216
0,90765419862501
-2,1426746302107
~
-0,62454559519476
-1,64572222038632
-0,6171865822914
-1,42948059351715
-0,576300188992787
-0,762144112141118
0,825129074596963
-0,92250743086426
0,836412314304243
-1,80706946324083
0,840173394206669
-2,10192347403302
~
-0,621923440904272
-1,633717003685
-0,6135522415936
-1,41795945440617
-0,57998557875101
-0,755083139792525
0,803101731342701
-0,918140862517763
0,764169828740696
-1,76128562075272
0,713215462176348
-2,04374169514748
~
-0,619254012831102
-1,62563933855296
-0,609219317035081
-1,41088387329069
-0,580539970059109
-0,754601598033888
0,78841871101215
-0,912342734414739
0,706145435734213
-1,70684474091546
0,662536778432585
-1,98493152599438
~
-0,618896785024302
-1,61424836975744
-0,608366890902704
-1,40131672546058
-0,579971242611426
-0,751893559544532
0,777041922956051
-0,903518142289318
0,667791651166705
-1,6655829077016
0,614802631200086
-1,93938630934077
~
-0,615952348105093
-1,60836251115867
-0,605077873629137
-1,39595192381387
-0,580024717970433
-0,748314596118821
0,769436518921563
-0,89120632657652
0,646406637744587
-1,64729569530558
0,587523694451224
-1,91387195846367
~
-0,616034597768906
-1,60545696999915
-0,60504972592567
-1,39362527912084
-0,579489816093557
-0,748077112039594
0,762677103419594
-0,886478658200976
0,631463094570993
-1,64004032867202
0,577786645078316
-1,90649393598074
~
-0,614380161493528
-1,60316340294491
-0,603230990200842
-1,39135573004833
-0,57404365028859
-0,746919414023622
0,761383105163425
-0,884501114651833
0,628692238695354
-1,64573159735885
0,583607046404844
-1,92164403966393
~
-0,607294206469241
-1,60790220056675
-0,595905278776546
-1,39616609978451
-0,569710879490897
-0,752478841192215
0,758230620257841
-0,878353527315005
0,63400501876075
-1,65388523133921
0,60103446287229
-1,93903137541293
~
-0,611473195323661
-1,6145842915649
-0,60004734275527
-1,40288183900987
-0,563886905911582
-0,760256115331984
0,76034836109947
-0,874211986588339
0,645834215770591
-1,6542639140371
0,616819514274382
-1,94016258425387
~
-0,608888566371146
-1,61325998479932
-0,597423748077385
-1,4016155401447
-0,561619413807022
-0,759253925741177
0,762295381623786
-0,875779996629028
0,650901283227665
-1,66204800603351
0,628854500600087
-1,95042594252275
~
-0,598647285824029
-1,60883748613854
-0,593318600265341
-1,3988272614231
-0,559090650640763
-0,757997716928007
0,765162727822029
-0,882516177459312
0,656332892678303
-1,65571008950327
0,632795591184514
-1,94331013030542
~
----
@Left hand pull down
-1,23983061487901
0,714776509552629
-1,26922338881051
0,438795335307916
-1,17869398733421
-0,138013107607869
0,804276852686582
-0,882562387406484
0,847040992791048
-1,70717973769037
0,859133411740946
-1,97427289254817
~
-1,23670858231762
0,708863084119073
-1,26895159803325
0,434029885666462
-1,17488146967182
-0,137380344805955
0,799571986781928
-0,884865360908775
0,846509115035241
-1,70155587660437
0,857469904141157
-1,96710464870446
~
-1,23413049224145
0,670653426359906
-1,26249695484661
0,436183499576017
-1,17774060436801
-0,139558372045983
0,796552963943384
-0,890064678250368
0,837854971865391
-1,69751541435565
0,853237930346067
-1,96624638440656
~
-1,23648238420386
0,669010230522518
-1,26541057062817
0,44315089993608
-1,1802061092561
-0,138866401392665
0,797979646258319
-0,892777663739761
0,834894598069896
-1,68936831952168
0,85330376338514
-1,96113188525864
~
-1,18983938014294
0,640948476477511
-1,23899136866421
0,456289215418449
-1,18009757796855
-0,138927231641651
0,801046128833685
-0,864108951692488
0,840791425529061
-1,69299744977502
0,856711507784186
-1,96283018470858
~
-1,24133831820458
0,290478597631942
-1,22543419430928
0,123522728951335
-1,15398221140872
-0,210884474886853
0,797327823832641
-0,87759878917574
0,843099553666045
-1,69124317191062
0,85673110428176
-1,95762640639714
~
-1,29756287747068
-0,420430243414304
-1,25734970864316
-0,390080784759709
-1,13671015354983
-0,299032408795924
0,794629012027721
-0,885676512997503
0,835475870956435
-1,68122298054263
0,854462074160282
-1,95855722729164
~
-1,07809114507861
-1,25415284009598
-1,08958477564105
-0,995217515828123
-0,938547820707974
-0,429066639897677
0,790298785127705
-0,892136428521273
0,831691446194409
-1,68485000262679
0,850551358056379
-1,96511782588467
~
-0,947553003314326
-1,69261468956353
-0,974242224371212
-1,40395150994244
-0,930680605308787
-0,576395440235515
0,786003653466217
-0,892881144155362
0,822019030932839
-1,68702066811436
0,849649156901171
-1,96357950112312
~
-0,855574773767922
-1,77501532562671
-0,861154491953858
-1,55848917609885
-0,845099577244481
-0,671547184842523
0,780159292014056
-0,878539483674625
0,819756877046518
-1,65247354436244
0,841254508361403
-1,93285693938449
~
-0,737165103318803
-1,82383771675723
-0,77870444128864
-1,56709193544443
-0,749008544145824
-0,789647940669508
0,774721049038147
-0,85537452622748
0,807791065992658
-1,6046603973901
0,838627461497131
-1,88253732597751
~
-0,692404589145142
-1,76001058649152
-0,715679996079162
-1,471709847872
-0,688875863469078
-0,796171243129671
0,777250201026771
-0,846086979171537
0,827290856023898
-1,6077150551596
0,843559812352186
-1,86697842959066
~
-0,678782794031367
-1,7786441428601
-0,705374957823898
-1,49038196657124
-0,658921292441543
-0,792377604145471
0,780139703534702
-0,847294465864533
0,826586607075251
-1,60857646087774
0,855595471912352
-1,8762713565989
~
-0,674645299428195
-1,80392209852314
-0,695369133728167
-1,51417414092849
-0,648003330525087
-0,793333866679434
0,787512674998814
-0,853572257988377
0,831688688628954
-1,61522500801004
0,874091654832703
-1,89517661949415
~
-0,682066935749051
-1,75646138961468
-0,703615407115987
-1,46572255193012
-0,638216249047435
-0,797688659653315
0,797128742318179
-0,861019703156418
0,839717262521236
-1,62273443060843
0,887600337591319
-1,90770590931696
~
-0,684671116557064
-1,85346967850069
-0,72084842344977
-1,5646520244871
-0,63141839920155
-0,802033308555461
0,802783047678695
-0,860735691570363
0,844194400303353
-1,62583628863466
0,893794379547781
-1,91172230812033
~
-0,691612411192991
-1,8812666615042
-0,729506021863678
-1,59408265473506
-0,628804151047548
-0,80650573917001
0,803878933790555
-0,861831889194258
0,842358981660186
-1,62764797738931
0,893510329732525
-1,91309890878514
~
-0,709121450498464
-1,8728303738135
-0,748601653578786
-1,62549677975507
-0,629826532516228
-0,812159661450279
0,799595995419967
-0,866663854058292
0,826857042509977
-1,62894007095364
0,880042993826182
-1,9141702455177
~
-0,741530106222517
-1,87161178404475
-0,771440805093588
-1,65739932777326
-0,632382804251259
-0,8192191246456
0,790944902660249
-0,874457698909981
0,808126524006523
-1,64406751567211
0,854660734969987
-1,93093428621391
~
-0,743668995426445
-1,92216719178907
-0,784134377393029
-1,66977901620686
-0,635566147039487
-0,823250830109769
0,778993588249611
-0,881439265013846
0,794660325529737
-1,65881639853676
0,829272156960463
-1,94315645989005
~
-0,744214191052254
-1,91998599636055
-0,777777216218145
-1,68003598727457
-0,636222692391655
-0,828274382680115
0,773604980028362
-0,878800545712351
0,786081680062951
-1,65744001317662
0,808345660261882
-1,93869234263263
~
-0,739495422487866
-1,86981281917884
-0,768717309254536
-1,66053295157726
-0,634656515172766
-0,832024553128832
0,770022126302782
-0,875645119157957
0,76604231863036
-1,66997392130204
0,783100179563392
-1,95805609671106
~
-0,724010629884768
-1,87328971137469
-0,751774311466184
-1,64715571296255
-0,625626668511718
-0,836139983010733
0,768232008481495
-0,874247400683448
0,75301757825687
-1,67725952212623
0,771367774608256
-1,96838277619704
~
-0,714756008512829
-1,87178327533784
-0,735911997510892
-1,63877503239163
-0,617735970517094
-0,840384018520486
0,763511708462949
-0,882358536526181
0,743854712478097
-1,68102172564162
0,764143210271579
-1,9717736965962
~
-0,70724869916654
-1,87902572638274
-0,720015452417217
-1,63581760856392
-0,614598142360504
-0,841677195179895
0,765215972981288
-0,878140786978271
0,741232585519725
-1,67923312776718
0,761937636118413
-1,96972548432569
~
-0,701154958730891
-1,88490420263839
-0,711594023837393
-1,63175258681246
-0,612714493632004
-0,841859050199979
0,764899917110066
-0,881582681576957
0,742012927315699
-1,68995480851456
0,753328746215148
-1,98317724153635
~
-0,710360447844189
-1,77415887538219
-0,714762367543612
-1,49312960625192
-0,610633483912981
-0,844383685098657
0,767360008534359
-0,885182975555957
0,746248880062045
-1,69295731320257
0,766028444841761
-1,98693799370737
~
-0,691805019115941
-1,88945391812132
-0,710076254159792
-1,60536278187089
-0,610092384938809
-0,844659980610428
0,768914718020463
-0,886179128162518
0,761154969957468
-1,68979870589707
0,779826705616097
-1,97957530158545
~
-0,707148334065811
-1,7765422537238
-0,719232978598061
-1,48986494433261
-0,613400646946397
-0,84403566809664
0,771351721109175
-0,887691088563837
0,77240001917459
-1,69339178486823
0,787345960358819
-1,98174942431759
~
-0,704637265980088
-1,77659265856306
-0,718123023793784
-1,49003304817503
-0,619727400165155
-0,842681653765873
0,77478598864515
-0,887541443379992
0,776461470075269
-1,69485713891238
0,800848362990267
-1,98126102262052
~
-0,688793490280615
-1,89583871916636
-0,712261123483089
-1,62287235198241
-0,62471835886377
-0,841354838808044
0,777247472966994
-0,886306156624558
0,780272744176296
-1,69091439604055
0,811792662954829
-1,97701595075498
~
-0,691506875065838
-1,89692553867704
-0,709705347915107
-1,6213745254934
-0,628480447164359
-0,839809745945152
0,779428219716063
-0,885147256295609
0,782248490343738
-1,68818889613292
0,814712472934414
-1,97398267825736
~
-0,698079658040172
-1,78189797433115
-0,710217231809349
-1,49157440431336
-0,628462311185169
-0,840212640778989
0,781070409649587
-0,885100075250873
0,782739465518945
-1,68676839973187
0,815468950583205
-1,97078927538704
~
----
@Both hands pull down
-1,24739057675663
0,572702391264336
-1,2537527183255
0,467575223017403
-1,13981172097936
-0,279202145153295
1,01971564574644
-0,298851589968686
0,958355009844267
0,288991878960971
0,915937546142884
0,492728393735334
~
-1,231712363658
0,568839321172125
-1,25826619565946
0,398114878306948
-1,13579742292646
-0,27250869497052
1,0136827044572
-0,29186749757124
0,951896835180075
0,290730624336956
0,905367304418137
0,492105276123815
~
-1,22948462272592
0,561739987775921
-1,25610086161353
0,410539532832626
-1,13615419192683
-0,269884635037492
1,01380183303655
-0,287177647466035
0,950106204562715
0,293290345232843
0,901323675063906
0,494536388897288
~
-1,22804747181325
0,565371986797387
-1,26006896562243
0,319083681503441
-1,13628986108763
-0,266420541639794
1,01485486739778
-0,28465483094057
0,951330904575529
0,297409137644384
0,901611453419133
0,49830872214536
~
-1,22690640004786
0,56882869693734
-1,26090254436633
0,322776318418582
-1,14484628503746
-0,2478974108886
1,0147121204308
-0,28331083887698
0,952059374444233
0,301429720770757
0,900961748408058
0,501213809908797
~
-1,22135368504837
0,574629014232024
-1,24468253372544
0,451792415823988
-1,14050102265742
-0,249324620204254
1,01407047600568
-0,283697313159015
0,949447393045306
0,303566574762098
0,898991223045363
0,503465884765365
~
-1,21971799297201
0,570277432795917
-1,25195006194067
0,289326523010222
-1,1409831354627
-0,250576058694536
1,01552687754116
-0,284946042331055
0,946653502308344
0,304052184570036
0,896012864077868
0,505211679915003
~
-1,2258851870723
0,47775336312844
-1,25920213615356
0,260063478488516
-1,13641680334245
-0,265483002788878
1,00806807932229
-0,299042685787594
0,875835897132258
0,239056064726894
0,820098233955383
0,436674002439248
~
-1,31446278566742
0,298140577040564
-1,28635824188813
0,134977880340626
-1,13417681514202
-0,289146439254113
1,00333559619246
-0,35165059703256
0,868131784508585
-0,128705555205536
0,763174851922992
0,0329492230966945
~
-1,24638980945019
-0,296819595773125
-1,33515735873583
-0,398206263440518
-1,05882620686322
-0,321381548243955
1,07361792661425
-0,408588807614489
0,960725286994478
-0,569449176396855
0,884130569383937
-0,466427393440756
~
-1,17177578184936
-1,0823007634056
-1,24488835277753
-0,881544604865029
-1,05938981879352
-0,31985601647569
1,02720157514841
-0,384352499167959
0,774600604443255
-0,45603064011547
0,729000830321495
-0,367597737049401
~
-1,07695722688176
-1,34659933205585
-1,14378045691744
-1,06131888451397
-1,06624026555592
-0,361768230206859
0,98431536226363
-0,506384704283663
0,8057391426508
-1,28196278660609
0,76539005425129
-1,4946910803341
~
-0,949217239266168
-1,40912554040131
-1,03442876562524
-1,13110278622151
-1,02577415272255
-0,437172347452411
0,990286443980197
-0,571181733325039
0,883846698621201
-1,44907019162264
0,870567501468867
-1,74076384348951
~
-0,787508170182816
-1,51359875010653
-0,882915994516998
-1,23902129439337
-0,923245383834247
-0,470588530792211
0,99985360005732
-0,623684446259629
0,912905613562734
-1,50769966157162
0,908222857298218
-1,79578313062204
~
-0,715936323630979
-1,45804768781206
-0,814962298126085
-1,1839457490403
-0,842561816693899
-0,500348760304478
1,00203033845331
-0,642986640558755
0,93248108476684
-1,5126956296749
0,929194834797864
-1,79968167119081
~
-0,668682918169272
-1,44464451778848
-0,747087005845263
-1,16438241515283
-0,796735792480024
-0,492374577481407
1,00380590968269
-0,646728245918595
0,950618702560109
-1,49759493119418
0,946404887169731
-1,78359157223036
~
-0,648122490288894
-1,40565034236279
-0,713490340087869
-1,12279204429188
-0,767967717065681
-0,48270423388214
1,00375052058639
-0,647705405349998
0,951892630733556
-1,49563461954177
0,950081736414254
-1,78052965653845
~
-0,619051250169021
-1,44790116958586
-0,693788257317608
-1,16693270780134
-0,743426877350803
-0,495461625013589
1,0031132265802
-0,664780766132872
0,951832350590914
-1,5014800644391
0,94654330514577
-1,79035115906926
~
-0,613214391631359
-1,69034985404181
-0,646104849246222
-1,40324558069846
-0,648338402223
-0,727238019031761
0,97796946403301
-0,703944943153978
0,929331239596028
-1,525496032582
0,917252686355786
-1,81578893541248
~
-0,651460718050124
-1,90482295818753
-0,626388072001584
-1,61758766819421
-0,617584884055577
-0,783350967557808
0,92090280356324
-0,747784755010225
0,879675192829451
-1,61449003749091
0,872805776103979
-1,89714093008224
~
-0,659826011419762
-1,88540810502238
-0,639146231614144
-1,65286630817706
-0,579298996252508
-0,81984436747424
0,857998524866219
-0,824285790463542
0,860830944611958
-1,66967169182297
0,855203870717089
-1,91276855395866
~
-0,666908317792401
-1,89686016238191
-0,636723287046018
-1,65011483999572
-0,571110031399952
-0,825422092699906
0,787710466245001
-0,865298198987569
0,839479789618331
-1,66392457752397
0,827070896788856
-1,90614204081427
~
-0,651743009989926
-1,87946884161296
-0,657958095653794
-1,65366710069136
-0,57505954410158
-0,806914929738695
0,754752252422474
-0,884153864671581
0,791785176945013
-1,66442828708138
0,764568148504837
-1,91816686646565
~
-0,645352196896616
-1,86863739017453
-0,667759866766433
-1,64266254798577
-0,595609451827043
-0,806741083439617
0,743360789750137
-0,890039529819986
0,7482219794123
-1,67637088120903
0,719760566107189
-1,94347551046478
~
-0,649842107562208
-1,87101164420072
-0,674937128606855
-1,63776197029576
-0,608478322279381
-0,809015494881057
0,734174495896351
-0,897388211670231
0,68795404808554
-1,67343683415112
0,669847640778405
-1,9561637952037
~
-0,660706362865433
-1,8745605284317
-0,683278510661173
-1,6365766758205
-0,618686646071037
-0,802971820747503
0,722957214160717
-0,902561330568663
0,641522564557345
-1,6734084545185
0,623808290478355
-1,95504521561535
~
-0,67479075107984
-1,88702335129732
-0,693808797626719
-1,64470086806854
-0,621184680548584
-0,806408826185375
0,710336798889961
-0,90724341022321
0,603477573038272
-1,67605684983016
0,556737404739397
-1,96342896731597
~
-0,690762488539688
-1,89240768137554
-0,700593439310588
-1,65304373998225
-0,623948558385186
-0,805594795288837
0,699825036457153
-0,905588026397474
0,575583389961516
-1,67164269881864
0,519795671516218
-1,95519842488896
~
-0,691001097723917
-1,90555380881311
-0,698856729003907
-1,66817066225747
-0,62672611568991
-0,801815075315046
0,691911054320152
-0,903373581889643
0,559135368103876
-1,66829450638766
0,504309681049923
-1,95699974823227
~
-0,692176963070266
-1,90863624957043
-0,692429501449248
-1,66496552671378
-0,623043881134001
-0,790179057265246
0,684380843330919
-0,887645147690677
0,552119158757797
-1,6680532988799
0,508363622766016
-1,96023883822377
~
-0,687823868150433
-1,90384834741175
-0,688430974644303
-1,68358686772484
-0,626803759057801
-0,797543019807476
0,691281276695347
-0,886839767435642
0,572960578263754
-1,68078969959541
0,543707147015276
-1,97680064082272
~
-0,685549497363637
-1,92418676087363
-0,695759376892395
-1,70419668903724
-0,617967097369034
-0,85248138058721
0,706725683460896
-0,888331941838818
0,603528265646719
-1,70052726127407
0,591932489561572
-1,99820540206983
~
-0,671217265383773
-1,9345084238977
-0,690931644751833
-1,71580066619625
-0,618490625784899
-0,849331108135732
0,714073721350546
-0,890289771419333
0,644853559147219
-1,70847680126331
0,627692852859707
-2,00590240357141
~
----
@Two hands zoom in
-0,8548162161949
0,073267188467371
-0,786970432710471
0,0286202670964475
-1,04247502566001
-0,639589263026457
1,04473028281391
-0,175726093336258
0,111737290881732
0,357723402197851
-0,0127973742133861
0,478041123899797
~
-0,872829779751047
0,0439539292919212
-0,810647550373494
0,00183585570629718
-1,03089290720092
-0,66959725949399
1,05800629325324
-0,213970486962733
0,103119384786957
0,3364316089729
-0,0295394222552891
0,454384502328162
~
-0,85596921361373
0,047491814529591
-0,630049692565358
0,296572188758587
-0,967190186505181
-0,456150491796575
1,04942168027896
-0,210853762793748
0,098464774730467
0,33796575015325
-0,0433231810624277
0,453496449100346
~
-0,220313323846207
0,499667713213738
-0,191591286391995
0,255557622555576
-0,916102424464003
-0,124424836637157
1,04023511521068
-0,194772757592258
0,0924368239866536
0,350319103640524
-0,0526907557936448
0,467603045994995
~
-0,700662572951687
-0,740479938786153
-0,778006890698621
-0,644681527016018
-1,01003972125401
-0,357286414391025
1,04266324403651
-0,196634899907876
0,10181165312028
0,340865340299338
-0,0535235344850526
0,464945928928574
~
-0,13637606222164
-0,985226209664944
-0,357426762981344
-0,913264364446577
-1,02057899387192
-0,697378828791479
1,09563587403071
-0,358380481310898
0,0819954044687147
0,202916741211407
-0,0761563152798451
0,335575096077745
~
-1,11303501127772
-0,469419358355719
-0,961283158638803
-0,533771563143011
-0,989000047079853
-0,780665659022062
0,905200844549555
-0,221190250718369
0,302121131122386
0,213152937328077
0,193681792521901
0,345096993447929
~
-1,4385851250359
-0,643207974314126
-1,28942644003492
-0,743879531976769
-0,669926741408564
-0,796150986347159
0,983736405568376
-0,147359375400146
0,563243846716014
0,487338897978819
0,479325954890156
0,670281886434637
~
-1,6510408765679
-0,854660496857142
-1,38054048585766
-0,929905962179013
-0,657879035363704
-0,679742481561829
1,05132663770873
-0,0957320102151545
0,976696006895852
0,417111001115648
0,871959167648705
0,687527460543528
~
-1,54067444517302
-0,948771660753285
-1,2240105544194
-0,999779230909862
-0,632106945528296
-0,753904451857853
1,06025492720367
0,00385306388188355
0,988640107426475
0,618488842757595
0,913849836173408
0,836602124947529
~
-1,51313086881333
-0,95895223015298
-1,20629942426108
-1,00034049872728
-0,618763395825645
-0,7658706714521
1,0414947535143
0,0354799327350537
1,01242356088164
0,626553063171844
0,950496586617084
0,861057623666761
~
-1,51160028409395
-0,956499832484281
-1,20418070926041
-0,993417698732405
-0,61254455309236
-0,752598807269671
1,04452479802358
0,0516679148364236
1,01337407137015
0,627611960051559
0,954103888601479
0,86276760053429
~
-1,50030585422009
-0,954742526051052
-1,19676092713095
-0,988371363223783
-0,520039366801347
-0,78343648122982
1,03356206600398
0,0623857455583272
1,01642505015488
0,636525281995266
0,958215924692233
0,869701829765561
~
-1,49090938668247
-0,955219987144141
-1,17504006216382
-0,98948146572976
-0,540593060686706
-0,777939758640244
1,02971496979548
0,0598159473552682
1,02875824677703
0,587171841825038
0,962208480200364
0,869623858105578
~
-1,48245177524437
-0,949008804250014
-1,1716242009751
-0,983468237106886
-0,595367494904662
-0,762919364230213
1,02651963075646
0,0607996975452604
1,02072696179116
0,604037009036834
0,959226153782438
0,873795394444451
~
-1,48631779962408
-0,947753904942897
-1,17556271345412
-0,981717039574453
-0,605033856198367
-0,757246044420455
1,02542761275868
0,0642166100562167
1,01644808923759
0,61879822111183
0,960040393736311
0,880853410358785
~
-1,47411859179516
-0,954730280523466
-1,1740063750365
-0,990181760443038
-0,604591989324079
-0,762701768141397
1,02688224782779
0,0579288600226583
1,01752119102741
0,61552949130293
0,962798732189709
0,875077238177494
~
-1,47674955025203
-0,959267898518531
-1,17905639589328
-0,994078746646357
-0,607552006983893
-0,759232323238984
1,02774944510586
0,0530179976880259
1,0192598243377
0,619957027805583
0,965537936781151
0,87416984155518
~
-1,50036086775877
-0,949239624159407
-1,19524616650061
-0,99421216165801
-0,623158685350114
-0,760387146501867
1,02604213371568
0,0523235429284048
1,02106317537161
0,625462644116613
0,969779499140097
0,876713810833186
~
-1,46722317104923
-0,95045595612544
-1,17281289861015
-1,00207347670896
-0,581486367612141
-0,767233954223714
1,02801203334752
0,0460096904365332
1,02348764566775
0,626038014107682
0,974302578509737
0,874395195615031
~
-1,28077327631816
-0,97921161914957
-1,11628852012454
-1,00308096549682
-0,585873873762204
-0,67330717069129
1,02935006118986
0,0476391688137646
1,03979925952979
0,605214832964935
0,976582378253588
0,881073992794014
~
-1,42468921121386
-1,04351978141406
-1,22966399811325
-0,964226842337027
-0,595526968574853
-0,706402214702923
1,0302017998043
0,0514790366538888
1,03583229258541
0,627589165550335
0,977369629247171
0,886504084491612
~
-1,32047382080819
-0,98659618126501
-1,13718674855112
-1,05337056795729
-0,598649124803746
-0,708082633245203
1,02979672433007
0,0478958404176799
1,03423878274414
0,636250840241502
0,975700241395821
0,887109181282442
~
-1,27959733197152
-0,995822439901765
-1,12746273235692
-1,04584389696316
-0,596079310243791
-0,686962191911247
1,03440252841986
0,0476769048081049
1,032856458945
0,645320916128205
0,971922740526027
0,891873251485908
~
-1,28604710672076
-0,998599517682818
-1,12582333797972
-1,04379875669104
-0,592837280482089
-0,686781118620713
1,03577669460445
0,0446804747855505
1,03344735538697
0,651317519801564
0,973573865026388
0,895059147339688
~
-1,32555064169353
-1,00594667318767
-1,10917567233458
-1,02950118039213
-0,559747534802082
-0,692904040935283
1,03553807743664
0,0442553917979595
1,03230314528744
0,653025796377042
0,974551734292171
0,897559411742457
~
-1,32298170519188
-1,00862452013011
-1,10949322448347
-1,02829559300538
-0,604216288808746
-0,666528222035027
1,03657812877514
0,0383725287751185
1,03393419556018
0,651740832039236
0,977965664996989
0,895770482700287
~
-1,32510969377118
-1,01211188309548
-1,10371099684323
-1,03105970268608
-0,598182389379731
-0,664991946539278
1,03925436714873
0,0323255591360893
1,03647590110305
0,651760048142521
0,980975151825356
0,895625867332569
~
-1,35022981565644
-1,00092740663173
-1,11211456415206
-1,02832396775519
-0,590137810717491
-0,67724395867621
1,04003926414385
0,03228640371908
1,03726592058216
0,652863881899734
0,982826071166484
0,89646908430347
~
-1,33252858402531
-0,998317016046243
-1,11319138501141
-1,03404094140585
-0,606005155934937
-0,670103926139849
1,03989785262336
0,031991579479861
1,03732758949177
0,654042007779584
0,98339699273749
0,897169471267146
~
-1,34409560215364
-0,997099648026276
-1,12188824643996
-1,02800185303032
-0,614124447280358
-0,664511340036079
1,0422872723954
0,0341883852460416
1,03965364674343
0,659737270195509
0,98567948473221
0,905282204794079
~
-1,30364071097534
-0,997042252969139
-1,11458054595809
-1,02025855414019
-0,611869887308942
-0,656613700942193
1,04006011702854
0,0330419993921048
1,03765684469411
0,658914222469593
0,984336486178654
0,904021805217781
~
-1,31101240480477
-0,998584272699671
-1,11134392728999
-1,02324213281621
-0,618200284339628
-0,6512868990423
1,05054686523066
0,0275667788660463
1,03753514165655
0,654751396896553
0,983725832620552
0,899605366764185
~
----